Name :- RAMISHA  RANI
Joint Holder :- -
Address :- D1, SHREE DHAKSHA APPARTMENT,IOB COLONY,COIMBATORE-641041,TAMIL NADU-INDIA
Currency :- INR
IFSC Code :- UTIB0003080
MICR Code :- 641211017
Nominee Registered :- Y                                                                                                   
Registered Mobile No :- XXXXXX6171
Registered Email ID :- RAXXXXIT@GMAIL.COM
PAN :- FORM60

Statement of Account No - 918010004682890 for the period (From : 01-11-2022 To : 14-11-2022)

Tran Date,CHQNO,PARTICULARS,DR,CR,BAL,SOL
01-11-2022,-,UPI/P2A/230546454047/NAVANEEDH/HDFC BANK/UPI, ,              5000.00,            25011.94,3080
01-11-2022,-,UPI/P2A/230552984292/NAVANEEDH/HDFC BANK/UPI,              5000.00, ,            20011.94,3080
01-11-2022,-,IMPS/P2A/230516319361/JOBMANGA/HDFCBANK/Fees, ,              1000.00,            21011.94,3080
01-11-2022,-,UPI/P2A/230565866620/NAVANEEDH/HDFC BANK/UPI, ,              5000.00,            26011.94,3080
01-11-2022,-,UPI/P2M/230574720064/HOTEL APO/Yes Bank /UPI,               383.00, ,            25628.94,3080
01-11-2022,-,UPI/P2M/230574772513/HOTEL APO/Yes Bank /UPI,                40.00, ,            25588.94,3080
02-11-2022,-,UPI/P2A/230683169378/KUMARAVAL/State Ban/Ramisha,              5000.00, ,            20588.94,3080
03-11-2022,-,UPI/P2M/230718375364/Instamojo/INDUSIND /UPI,               106.05, ,            20482.89,3080
03-11-2022,-,UPI/P2A/230732269417/K RAMISHA/HDFC BANK/UPI,              6000.00, ,            14482.89,3080
03-11-2022,-,UPI/P2M/230776790195/Facebook /HDFC BANK/Upi Tra,              3000.00, ,            11482.89,3080
03-11-2022,-,UPI/P2A/230736335631/S NIRANJA/Axis Bank/UPI, ,              5000.00,            16482.89,3080
03-11-2022,-,UPI/P2A/230737585564/Mohamed F/State Ban/UPI,              5000.00, ,            11482.89,3080
04-11-2022,-,INB/IFT/S B GANAPATHIRAMAN/TPARTY TRANSFER, ,              5000.00,            16482.89,014
04-11-2022,-,NEFT/N308222192189789/ICE LABS /HDFC BANK/NEFT, ,               346.37,            16829.26,248
04-11-2022,-,UPI/P2A/230858161766/Ms RAMISH/Indian Ba/UPI,              2000.00, ,            14829.26,3080
06-11-2022,-,UPI/P2M/231083359175/Facebook /HDFC BANK/Upi Tra,              1000.00, ,            13829.26,3080
07-11-2022,-,NEFT/CITIN22362827394/PAYPAL PA/CITIBANK /P0802, ,               149.48,            13978.74,248
07-11-2022,-,IMPS/P2A/231122376130/JOBMANGA/HDFCBANK/AI, ,              3000.00,            16978.74,3080
08-11-2022,-,UPI/P2M/231268635691/Sri Ganap/Paytm Pay/UPI,              2665.00, ,            14313.74,3080
08-11-2022,-,UPI/P2M/231270217463/redbus/Axis Bank/UPI,              1039.50, ,            13274.24,3080
10-11-2022,-,UPI/P2A/231419574106/Ms RAMISH/Indian Ba/UPI,              1500.00, ,            11774.24,3080
10-11-2022,-,UPI/P2A/231419595659/I VETHA R/Indian Ov/UPI,              5000.00, ,             6774.24,3080
11-11-2022,-,Razorpay Software Pvt Ltd Fund, ,                89.10,             6863.34,1506
11-11-2022,-,UPI/P2M/231579806450/RazorpayZ/ICICI Ban/Zomato,               481.40, ,             6381.94,3080
12-11-2022,-,UPI/P2M/231795860781/NETFLIX C/HDFC BANK/Monthly,               649.00, ,             5732.94,3080
13-11-2022,-,UPI/P2A/231793154813/Ms RAMISH/Indian Ba/UPI,              3500.00, ,             2232.94,3080

"Unless the constituent notifies the bank immediately of any discrepancy found by him/her in this statement of Account, it will be taken that he/she has found the account correct. "
"The closing balance as shown/displayed includes not only the credit balance and / or overdraft limit, but also funds which are under clearing. "
"It excludes the amount marked as lien, if any. Hence the closing balance displayed may not be the effective available balance. For any further clarifications, please contact the Branch. "
"We would like to reiterate that, as a policy, Axis Bank does not ask you to part with/disclose/revalidate of your iConnect passord,login id and debit card number through emails OR phone call "
"Further, we would like to reiterate that Axis Bank shall not be liable for any losses arising from you sharing/disclosing of your login id, password and debit card number to anyone. Please co-operate by forwarding all such suspicious/spam emails, if received by you, to customer.service@axisbank.com "

"Deposit Insurance and Credit Guarantee Corporation (DICGC) insurance cover is applicable in all Bank's deposits, such as savings, current, fixed, recurring etc.* up to maximum amount of Rs 5 Lakh including principal &interest both* (*for exceptions and details please refer http://www.dicgc.org.in/ )"

"With effect from 1st August 2016, the replacement charges for Debit card and ATM card applicable on Current accounts have been revised. To know more about the applicable charges,please visit www.axisbank.com "

"REGISTERED OFFICE - AXIS BANK LTD,TRISHUL,Opp. Samartheswar Temple, Near Law Garden, Ellisbridge,    Ahmedabad . 380006."
"BRANCH ADDRESS - AXIS BANK LTD, VADAVALLI COI TN, SF NO:152,KALPANA NAGAR,, MARUTHAMALAI MAIN ROAD,,  VADAVALLI,  641041,  COIMBATORE,  TAMIL NADU, INDIA, TEL:0422-2422231  FAX:
"This is a system generated output and requires no signature."

Legend : 
 ICONN , Transaction trough Internet Banking 
VMT-ICON , Visa Money Transfer through Internet Banking 
AUTOSWEEP , Transfer to linked fixed deposit 
REV SWEEP , Interest on Linked fixed Deposit 
SWEEP TRF , Transfer from Linked Fixed Deposit / Account 
VMT , Visa Money Transfer through ATM 
CWDR , Cash Withdrawal through ATM 
PUR , POS purchase 
TIP/ SCG , Surcharge on usage of debit card at pumps/railway ticket purchase or hotel tips 
RATE.DIFF , Difference in rates on usage of card internationally 
CLG , Cheque Clearing Transaction 
EDC , Credit transaction through EDC Machine 
SETU , Seamless electronic fund transfer through AXIS Bank 
Int.pd , Interest paid to customer 
Int.Coll , Interest collected from the customer 
